0.0 100
0.0 250
0.0 500
0.0 750
0.0 1000
0.0 2500
0.0 5000
0.0 7500
0.0 10000
0.0 25000
0.0 50000
0.005 100
0.005 250
0.005 500
0.005 750
0.005 1000
0.005 2500
0.005 5000
0.005 7500
0.005 10000
0.005 25000
0.005 50000
0.01 100
0.01 250
0.01 500
0.01 750
0.01 1000
0.01 2500
0.01 5000
0.01 7500
0.01 10000
0.01 25000
0.01 50000
0.05 100
0.05 250
0.05 500
0.05 750
0.05 1000
0.05 2500
0.05 5000
0.05 7500
0.05 10000
0.05 25000
0.05 50000
0.1 100
0.1 250
0.1 500
0.1 750
0.1 1000
0.1 2500
0.1 5000
0.1 7500
0.1 10000
0.1 25000
0.1 50000
0.5 100
0.5 250
0.5 500
0.5 750
0.5 1000
0.5 2500
0.5 5000
0.5 7500
0.5 10000
0.5 25000
0.5 50000
1.0 100
1.0 250
1.0 500
1.0 750
1.0 1000
1.0 2500
1.0 5000
1.0 7500
1.0 10000
1.0 25000
1.0 50000
10.0 100
10.0 250
10.0 500
10.0 750
10.0 1000
10.0 2500
10.0 5000
10.0 7500
10.0 10000
10.0 25000
10.0 50000
