0.0 100
0.0 500
0.0 1000
0.0 1500
0.0 2000
0.0 2500
0.0 3000
5.0 100
5.0 500
5.0 1000
5.0 1500
5.0 2000
5.0 2500
5.0 3000
7.0 100
7.0 500
7.0 1000
7.0 1500
7.0 2000
7.0 2500
7.0 3000
10.0 100
10.0 500
10.0 1000
10.0 1500
10.0 2000
10.0 2500
10.0 3000
15.0 100
15.0 500
15.0 1000
15.0 1500
15.0 2000
15.0 2500
15.0 3000
25.0 100
25.0 500
25.0 1000
25.0 1500
25.0 2000
25.0 2500
25.0 3000
35.0 100
35.0 500
35.0 1000
35.0 1500
35.0 2000
35.0 2500
35.0 3000
50.0 100
50.0 500
50.0 1000
50.0 1500
50.0 2000
50.0 2500
50.0 3000
100.0 100
100.0 500
100.0 1000
100.0 1500
100.0 2000
100.0 2500
100.0 3000
1000.0 100
1000.0 500
1000.0 1000
1000.0 1500
1000.0 2000
1000.0 2500
1000.0 3000
