5.0 100
5.0 500
5.0 1000
5.0 5000
5.0 10000
5.0 50000
5.0 100000
6.0 100
6.0 500
6.0 1000
6.0 5000
6.0 10000
6.0 50000
6.0 100000
8.0 100
8.0 500
8.0 1000
8.0 5000
8.0 10000
8.0 50000
8.0 100000
10.0 100
10.0 500
10.0 1000
10.0 5000
10.0 10000
10.0 50000
10.0 100000
13.0 100
13.0 500
13.0 1000
13.0 5000
13.0 10000
13.0 50000
13.0 100000
16.0 100
16.0 500
16.0 1000
16.0 5000
16.0 10000
16.0 50000
16.0 100000
20.0 100
20.0 500
20.0 1000
20.0 5000
20.0 10000
20.0 50000
20.0 100000
25.0 100
25.0 500
25.0 1000
25.0 5000
25.0 10000
25.0 50000
25.0 100000
32.0 100
32.0 500
32.0 1000
32.0 5000
32.0 10000
32.0 50000
32.0 100000
40.0 100
40.0 500
40.0 1000
40.0 5000
40.0 10000
40.0 50000
40.0 100000
50.0 100
50.0 500
50.0 1000
50.0 5000
50.0 10000
50.0 50000
50.0 100000
63.0 100
63.0 500
63.0 1000
63.0 5000
63.0 10000
63.0 50000
63.0 100000
79.0 100
79.0 500
79.0 1000
79.0 5000
79.0 10000
79.0 50000
79.0 100000
100.0 100
100.0 500
100.0 1000
100.0 5000
100.0 10000
100.0 50000
100.0 100000
126.0 100
126.0 500
126.0 1000
126.0 5000
126.0 10000
126.0 50000
126.0 100000
158.0 100
158.0 500
158.0 1000
158.0 5000
158.0 10000
158.0 50000
158.0 100000
200.0 100
200.0 500
200.0 1000
200.0 5000
200.0 10000
200.0 50000
200.0 100000
251.0 100
251.0 500
251.0 1000
251.0 5000
251.0 10000
251.0 50000
251.0 100000
316.0 100
316.0 500
316.0 1000
316.0 5000
316.0 10000
316.0 50000
316.0 100000
398.0 100
398.0 500
398.0 1000
398.0 5000
398.0 10000
398.0 50000
398.0 100000
501.0 100
501.0 500
501.0 1000
501.0 5000
501.0 10000
501.0 50000
501.0 100000
631.0 100
631.0 500
631.0 1000
631.0 5000
631.0 10000
631.0 50000
631.0 100000
794.0 100
794.0 500
794.0 1000
794.0 5000
794.0 10000
794.0 50000
794.0 100000
