0.0 100
0.0 158
0.0 251
0.0 398
0.0 631
0.0 1000
0.0 1585
0.0 2512
0.0 3981
0.0 6310
0.0 10000
0.0 15849
0.0 25119
0.0 39811
0.0 63096
0.0 100000
5.0 100
5.0 158
5.0 251
5.0 398
5.0 631
5.0 1000
5.0 1585
5.0 2512
5.0 3981
5.0 6310
5.0 10000
5.0 15849
5.0 25119
5.0 39811
5.0 63096
5.0 100000
7.0 100
7.0 158
7.0 251
7.0 398
7.0 631
7.0 1000
7.0 1585
7.0 2512
7.0 3981
7.0 6310
7.0 10000
7.0 15849
7.0 25119
7.0 39811
7.0 63096
7.0 100000
10.0 100
10.0 158
10.0 251
10.0 398
10.0 631
10.0 1000
10.0 1585
10.0 2512
10.0 3981
10.0 6310
10.0 10000
10.0 15849
10.0 25119
10.0 39811
10.0 63096
10.0 100000
15.0 100
15.0 158
15.0 251
15.0 398
15.0 631
15.0 1000
15.0 1585
15.0 2512
15.0 3981
15.0 6310
15.0 10000
15.0 15849
15.0 25119
15.0 39811
15.0 63096
15.0 100000
25.0 100
25.0 158
25.0 251
25.0 398
25.0 631
25.0 1000
25.0 1585
25.0 2512
25.0 3981
25.0 6310
25.0 10000
25.0 15849
25.0 25119
25.0 39811
25.0 63096
25.0 100000
35.0 100
35.0 158
35.0 251
35.0 398
35.0 631
35.0 1000
35.0 1585
35.0 2512
35.0 3981
35.0 6310
35.0 10000
35.0 15849
35.0 25119
35.0 39811
35.0 63096
35.0 100000
50.0 100
50.0 158
50.0 251
50.0 398
50.0 631
50.0 1000
50.0 1585
50.0 2512
50.0 3981
50.0 6310
50.0 10000
50.0 15849
50.0 25119
50.0 39811
50.0 63096
50.0 100000
100.0 100
100.0 158
100.0 251
100.0 398
100.0 631
100.0 1000
100.0 1585
100.0 2512
100.0 3981
100.0 6310
100.0 10000
100.0 15849
100.0 25119
100.0 39811
100.0 63096
100.0 100000
1000.0 100
1000.0 158
1000.0 251
1000.0 398
1000.0 631
1000.0 1000
1000.0 1585
1000.0 2512
1000.0 3981
1000.0 6310
1000.0 10000
1000.0 15849
1000.0 25119
1000.0 39811
1000.0 63096
1000.0 100000
