0.0 100
5.0 100
0.0 500
5.0 500
0.0 1000
5.0 1000
0.0 1500
5.0 1500
0.0 2000
5.0 2000
0.0 2500
5.0 2500
0.0 3000
5.0 3000
6.0 100
6.0 500
6.0 1000
6.0 1500
6.0 2000
6.0 2500
6.0 3000
8.0 100
8.0 500
8.0 1000
8.0 1500
8.0 2000
8.0 2500
8.0 3000
10.0 100
10.0 500
10.0 1000
10.0 1500
10.0 2000
10.0 2500
10.0 3000
13.0 100
13.0 500
13.0 1000
13.0 1500
13.0 2000
13.0 2500
13.0 3000
16.0 100
16.0 500
16.0 1000
16.0 1500
16.0 2000
16.0 2500
16.0 3000
20.0 100
20.0 500
20.0 1000
20.0 1500
20.0 2000
20.0 2500
20.0 3000
25.0 100
25.0 500
25.0 1000
25.0 1500
25.0 2000
25.0 2500
25.0 3000
32.0 100
32.0 500
32.0 1000
32.0 1500
32.0 2000
32.0 2500
32.0 3000
40.0 100
40.0 500
40.0 1000
40.0 1500
40.0 2000
40.0 2500
40.0 3000
50.0 100
50.0 500
50.0 1000
50.0 1500
50.0 2000
50.0 2500
50.0 3000
63.0 100
63.0 500
63.0 1000
63.0 1500
63.0 2000
63.0 2500
63.0 3000
79.0 100
79.0 500
79.0 1000
79.0 1500
79.0 2000
79.0 2500
79.0 3000
100.0 100
100.0 500
100.0 1000
100.0 1500
100.0 2000
100.0 2500
100.0 3000
126.0 100
126.0 500
126.0 1000
126.0 1500
126.0 2000
126.0 2500
126.0 3000
158.0 100
158.0 500
158.0 1000
158.0 1500
158.0 2000
158.0 2500
158.0 3000
200.0 100
200.0 500
200.0 1000
200.0 1500
200.0 2000
200.0 2500
200.0 3000
251.0 100
251.0 500
251.0 1000
251.0 1500
251.0 2000
251.0 2500
251.0 3000
316.0 100
316.0 500
316.0 1000
316.0 1500
316.0 2000
316.0 2500
316.0 3000
398.0 100
398.0 500
398.0 1000
398.0 1500
398.0 2000
398.0 2500
398.0 3000
501.0 100
501.0 500
501.0 1000
501.0 1500
501.0 2000
501.0 2500
501.0 3000
631.0 100
631.0 500
631.0 1000
631.0 1500
631.0 2000
631.0 2500
631.0 3000
794.0 100
794.0 500
794.0 1000
794.0 1500
794.0 2000
794.0 2500
794.0 3000
1000.0 100
1000.0 500
1000.0 1000
1000.0 1500
1000.0 2000
1000.0 2500
1000.0 3000
